0.500000 1.000000
0.531395 0.000987
0.531395 0.999013
0.562667 0.003943
0.562667 0.996057
0.593691 0.008856
0.593691 0.991144
0.624345 0.015708
0.624345 0.984292
0.654508 0.024472
0.654508 0.975528
0.684062 0.035112
0.684062 0.964888
0.712890 0.047586
0.712890 0.952414
0.740877 0.061847
0.740877 0.938153
0.767913 0.077836
0.767913 0.922164
0.793893 0.095492
0.793893 0.904508
0.818712 0.114743
0.818712 0.885257
0.842274 0.135516
0.842274 0.864484
0.864484 0.157726
0.864484 0.842274
0.885257 0.181288
0.885257 0.818712
0.904508 0.206107
0.904508 0.793893
0.922164 0.232087
0.922164 0.767913
0.938153 0.259123
0.938153 0.740877
0.952414 0.287110
0.952414 0.712890
0.964888 0.315938
0.964888 0.684062
0.975528 0.345492
0.975528 0.654508
0.984292 0.375655
0.984292 0.624345
0.991144 0.406309
0.991144 0.593691
0.996057 0.437333
0.996057 0.562667
0.999013 0.468605
0.999013 0.531395
1.000000 0.500000
0.000000 0.500000
0.000987 0.468605
0.000987 0.531395
0.003943 0.437333
0.003943 0.562667
0.008856 0.406309
0.008856 0.593691
0.015708 0.375655
0.015708 0.624345
0.024472 0.345492
0.024472 0.654508
0.035112 0.315938
0.035112 0.684062
0.047586 0.287110
0.047586 0.712890
0.061847 0.259123
0.061847 0.740877
0.077836 0.232087
0.077836 0.767913
0.095492 0.206107
0.095492 0.793893
0.114743 0.181288
0.114743 0.818712
0.135516 0.157726
0.135516 0.842274
0.157726 0.135516
0.157726 0.864484
0.181288 0.114743
0.181288 0.885257
0.206107 0.095492
0.206107 0.904508
0.232087 0.077836
0.232087 0.922164
0.259123 0.061847
0.259123 0.938153
0.287110 0.047586
0.287110 0.952414
0.315938 0.035112
0.315938 0.964888
0.345492 0.024472
0.345492 0.975528
0.375655 0.015708
0.375655 0.984292
0.406309 0.008856
0.406309 0.991144
0.437333 0.003943
0.437333 0.996057
0.468605 0.000987
0.468605 0.999013
0.500000 0.000000
