0.157514 0.806107
0.007333 0.668817
0.057790 0.177025
0.051315 0.926797
0.069448 0.226742
0.236316 0.162035
0.131737 0.154464
0.187166 0.665835
0.753723 0.302588
0.453880 0.769069
0.819181 0.386715
0.177876 0.512922
0.782004 0.438841
0.386887 0.767678
0.941598 0.937638
0.881963 0.285695
0.293430 0.694457
0.126272 0.535011
0.786774 0.939671
0.022924 0.801666
0.689890 0.711176
0.977862 0.971642
0.162275 0.085391
0.183872 0.607463
0.064284 0.010773
0.633071 0.419806
0.496344 0.504873
0.967773 0.001106
0.553149 0.758187
0.913398 0.735993
0.302615 0.251502
0.702174 0.132457
0.055078 0.338195
0.592614 0.428058
0.575082 0.868912
0.317335 0.217025
0.006325 0.343267
0.050557 0.017001
0.929692 0.761690
0.276656 0.148259
0.155004 0.820284
0.762437 0.033569
0.559006 0.342510
0.688339 0.043508
0.525295 0.873758
0.877559 0.309851
0.316297 0.178349
0.977145 0.508779
0.013056 0.973207
0.391361 0.475999
0.495529 0.608451
0.745199 0.657467
0.304248 0.562363
0.664693 0.822256
0.123586 0.556678
0.700712 0.168217
0.057589 0.817844
0.294223 0.936431
0.831189 0.510921
0.783545 0.917051
0.542826 0.654959
0.587884 0.776980
0.618885 0.892220
0.866523 0.968942
0.176044 0.328307
0.149275 0.091851
0.084526 0.286247
0.661396 0.963975
0.643420 0.224812
0.324910 0.343259
0.928646 0.259813
0.708354 0.183262
0.554815 0.696864
0.518232 0.548522
0.804125 0.735052
0.578011 0.829753
0.818625 0.033210
0.624286 0.697143
0.826571 0.143939
0.664755 0.309117
0.179284 0.915267
0.088977 0.654274
0.311807 0.835805
0.200377 0.545833
0.608843 0.956492
0.346794 0.710729
0.556877 0.460486
0.366875 0.619662
0.494007 0.172489
0.640927 0.189696
0.730981 0.299789
0.637361 0.257642
0.810056 0.479488
0.479675 0.770308
0.192731 0.769909
0.723941 0.966772
0.723055 0.568865
0.233049 0.438232
0.800153 0.567465
0.761521 0.842539
