0.563676 0.606739
0.814633 0.003532
0.895826 0.393230
0.378528 0.648534
0.386516 0.906125
0.497426 0.654572
0.983642 0.048717
0.716202 0.986323
0.101164 0.056268
0.769139 0.497161
0.638296 0.823216
0.302993 0.078344
0.238602 0.583262
0.973153 0.122983
0.463833 0.378128
0.377294 0.893464
0.644263 0.376795
0.518439 0.772553
0.785420 0.514249
0.748152 0.051323
0.060557 0.107235
0.430604 0.861083
0.098844 0.074238
0.889564 0.091886
0.491188 0.137907
0.552894 0.656766
0.678756 0.920350
0.592918 0.258731
0.663678 0.155196
0.776069 0.896609
0.787079 0.335080
0.681525 0.706227
0.156508 0.989140
0.926055 0.374989
0.172977 0.442375
0.541119 0.290757
0.007269 0.347177
0.188273 0.790084
0.805796 0.497071
0.470244 0.356140
0.868245 0.433688
0.197563 0.383330
0.032384 0.140210
0.104439 0.173415
0.025822 0.678004
0.172601 0.157067
0.600194 0.967901
0.418111 0.945139
0.850133 0.043527
0.723709 0.705525
0.237575 0.011363
0.058017 0.534349
0.491351 0.640621
0.212987 0.944307
0.732666 0.975832
0.012261 0.328358
0.889026 0.615936
0.795645 0.273536
0.702279 0.335964
0.868696 0.897535
0.410884 0.540813
0.521458 0.959799
0.492205 0.635403
0.166660 0.359211
0.687477 0.771429
0.125254 0.772070
0.900330 0.588175
0.595934 0.606902
0.459113 0.503342
0.385325 0.156752
0.663965 0.829541
0.046838 0.814959
0.501454 0.493090
0.178682 0.486997
0.902816 0.414002
0.765370 0.878850
0.946195 0.669491
0.612048 0.171464
0.958978 0.408075
0.117287 0.701184
0.563229 0.107321
0.857514 0.657672
0.325371 0.175518
0.715048 0.483676
0.820711 0.086005
0.571739 0.615097
0.604029 0.202661
0.911508 0.435170
0.789412 0.205989
0.027619 0.833172
0.685627 0.561484
0.914291 0.555910
0.207786 0.785447
0.337331 0.619361
0.591686 0.358114
0.024719 0.408188
0.274148 0.009979
0.395640 0.732430
0.670823 0.764386
0.755238 0.033550
0.982362 0.557955
0.422404 0.136110
0.090489 0.480137
0.829215 0.426691
0.067467 0.674162
0.233151 0.108280
0.815571 0.723872
0.317035 0.226214
0.877622 0.914411
0.616664 0.490836
0.515290 0.099472
0.412392 0.532409
0.738792 0.033760
0.448460 0.115409
0.089776 0.936596
0.602682 0.012187
0.628580 0.741008
0.419077 0.690072
0.757753 0.952437
0.237414 0.701358
0.225602 0.292120
0.506077 0.682211
0.896714 0.332472
0.748531 0.164380
0.650822 0.145231
0.568663 0.982702
0.077013 0.577890
0.026554 0.921751
0.467249 0.149897
0.693830 0.386554
0.981266 0.717328
0.706456 0.305196
0.754399 0.993238
0.172942 0.175180
0.150482 0.730586
0.367173 0.150811
0.323937 0.875639
0.237647 0.335445
0.748307 0.281973
0.898657 0.990302
0.392889 0.638655
0.934042 0.200649
0.784820 0.110942
0.540370 0.650502
0.280854 0.817784
0.763985 0.548606
0.491252 0.677665
0.345141 0.421301
0.947600 0.342767
0.972461 0.441970
0.787061 0.911212
0.072277 0.202153
0.437459 0.858056
0.609920 0.345960
0.030759 0.157986
0.763844 0.287320
0.546938 0.886125
0.748478 0.308659
0.495891 0.678067
0.508019 0.699998
0.281927 0.306270
0.480893 0.239014
0.263588 0.287129
0.143420 0.235497
0.920935 0.871553
0.581232 0.567725
0.473085 0.991580
0.908324 0.623617
0.750748 0.736551
0.956111 0.826154
0.121616 0.714582
0.288677 0.470380
0.790919 0.218564
0.265450 0.928421
0.855100 0.460616
0.568796 0.889285
0.073489 0.264943
0.341606 0.191847
0.441006 0.516226
0.838681 0.982224
0.294358 0.349181
0.285833 0.380893
0.864826 0.534632
0.461835 0.580229
0.902701 0.768442
0.370945 0.309750
0.241538 0.601834
0.257500 0.904203
0.944845 0.565165
0.129099 0.788745
0.983489 0.631884
0.901219 0.055786
0.228995 0.545421
0.253607 0.949715
0.916088 0.688979
0.297620 0.498523
0.627249 0.116651
0.193680 0.235499
0.282716 0.084030
0.929345 0.939474
0.581263 0.917471
0.571006 0.588716
0.830272 0.343351
0.436010 0.271443
0.128018 0.462182
0.797078 0.624974
0.416748 0.397154
0.927122 0.485962
0.012060 0.272642
0.520170 0.825673
0.832241 0.585471
0.782841 0.717202
0.700640 0.220165
0.780874 0.035560
0.774820 0.329186
0.946516 0.826955
0.368148 0.050095
0.005090 0.800180
0.172634 0.563822
0.962867 0.190854
0.166258 0.311716
0.213399 0.328402
0.293688 0.283734
0.265763 0.595978
0.346183 0.166153
0.075704 0.115146
0.334682 0.794380
0.469458 0.410004
0.049445 0.794921
0.690055 0.509497
0.430316 0.520313
0.667228 0.432065
0.833572 0.381771
0.214558 0.763339
0.274480 0.466552
0.991290 0.085457
0.249128 0.890505
0.731292 0.345684
0.794721 0.680996
0.937924 0.862366
0.034475 0.111397
0.971108 0.557835
0.571404 0.315523
0.211695 0.180767
0.744681 0.698897
0.778251 0.734553
0.942968 0.133454
0.092688 0.063644
0.880974 0.173251
0.443687 0.566376
0.988687 0.561004
0.580661 0.300698
0.837159 0.108715
0.286050 0.328252
0.830333 0.630415
0.820012 0.002691
0.229386 0.981004
0.109122 0.049634
0.944159 0.412393
0.559491 0.708587
0.425699 0.396644
0.414735 0.911204
0.424605 0.785525
0.650530 0.455645
0.341746 0.676867
0.500017 0.403376
0.391128 0.640335
0.838124 0.472616
0.819077 0.018728
0.817884 0.031729
0.979564 0.865611
0.348160 0.406212
0.152432 0.706080
0.229679 0.604543
0.609434 0.714695
0.025099 0.240987
0.582411 0.093070
0.028869 0.387573
0.468596 0.399357
0.023911 0.322800
0.819958 0.332819
0.864710 0.661234
0.406647 0.008935
0.310190 0.146008
0.919034 0.073931
0.944773 0.465343
0.678482 0.102383
0.472330 0.814550
0.063917 0.597495
0.145254 0.566586
0.229426 0.570891
0.599687 0.337078
0.087512 0.117237
0.907962 0.933847
0.463328 0.618729
0.230622 0.166284
0.787084 0.215469
0.052897 0.256576
0.685036 0.959969
0.624338 0.642589
0.353828 0.637502
0.885318 0.291341
0.658661 0.578750
0.860413 0.252348
0.482669 0.917172
0.226221 0.071718
0.973019 0.650734
0.519943 0.860722
0.978711 0.556142
0.245119 0.266685
0.155680 0.473412
0.952182 0.329375
0.926732 0.729626
0.224028 0.222670
0.727016 0.502915
0.380612 0.179159
0.740133 0.741205
0.631589 0.474402
0.635657 0.844994
0.352333 0.207938
0.655755 0.699378
0.136200 0.759746
0.766760 0.797809
0.284672 0.223698
0.490955 0.138509
0.437090 0.823641
0.464503 0.294204
0.112942 0.303123
0.729365 0.556835
0.042230 0.546338
0.260207 0.341100
0.293231 0.235768
0.251728 0.094176
0.371982 0.181054
0.247485 0.803692
0.664144 0.064002
0.278217 0.822010
0.817407 0.736238
0.795838 0.132073
0.921401 0.878865
0.338657 0.368581
0.632128 0.787570
0.544096 0.877974
0.709188 0.282011
0.337033 0.851670
0.786652 0.254874
0.865108 0.099245
0.582180 0.173877
0.026717 0.341709
0.164067 0.929085
0.243093 0.999761
0.342138 0.778240
0.462795 0.327889
0.726013 0.784442
0.255057 0.402393
0.502980 0.063328
0.247922 0.909906
0.527833 0.361046
0.097679 0.902697
0.888241 0.969622
0.638096 0.688017
0.711819 0.752955
0.851074 0.800997
0.614822 0.104523
0.824761 0.574051
0.857440 0.986957
0.920845 0.160495
0.966941 0.814033
0.959650 0.996042
0.317487 0.827193
0.349817 0.589083
0.914182 0.791599
0.738774 0.219125
0.419011 0.290775
0.940873 0.592494
0.277558 0.634298
0.611952 0.755369
0.657985 0.409558
0.382291 0.596473
0.797493 0.006485
0.934303 0.085188
0.266576 0.023224
0.816989 0.985603
0.607617 0.321102
0.626098 0.162997
0.781953 0.638836
0.547084 0.756447
0.868305 0.098764
0.157382 0.429764
0.495518 0.642009
0.815176 0.632672
0.563836 0.414809
0.923763 0.305111
0.911482 0.394870
0.853754 0.739800
0.717104 0.094447
0.329795 0.381632
0.593679 0.005941
0.644141 0.187249
0.525770 0.566181
0.146331 0.794071
0.029542 0.807131
0.076375 0.155317
0.173776 0.533645
0.958285 0.486022
0.390120 0.822962
0.451439 0.334762
0.322111 0.876015
0.769183 0.346812
0.315074 0.767205
0.517242 0.816648
0.532745 0.437159
0.078922 0.441215
0.101536 0.352082
0.479756 0.780092
0.129643 0.613674
0.001144 0.804655
0.925737 0.945175
0.680727 0.575590
0.250749 0.901964
0.236624 0.526559
0.976334 0.859220
0.883343 0.051561
0.094859 0.814531
0.969082 0.094512
0.628307 0.809920
0.357295 0.221776
0.617286 0.825608
0.999834 0.221874
0.036363 0.326951
0.204610 0.621323
0.178224 0.256320
0.687665 0.631509
0.776734 0.153311
0.617677 0.948769
0.897709 0.259510
0.510360 0.518285
0.416292 0.918159
0.010875 0.842164
0.721103 0.314389
0.314275 0.663010
0.137861 0.618322
0.217193 0.886565
0.448979 0.891174
0.568365 0.420441
0.800663 0.693598
0.191270 0.200705
0.235342 0.195861
0.189078 0.054047
0.064786 0.731041
0.910240 0.200500
0.308073 0.155298
0.752511 0.140153
0.458581 0.083358
0.413804 0.387013
0.915506 0.052704
0.160247 0.014157
0.517900 0.936590
0.174929 0.256562
0.753054 0.473800
0.075267 0.481434
0.376075 0.612234
0.242578 0.680614
0.373773 0.473703
0.694350 0.265626
0.433558 0.138948
0.847882 0.353115
0.336790 0.124739
0.673368 0.916943
0.986103 0.379010
0.415160 0.152925
0.097482 0.855339
0.271880 0.153141
0.940427 0.244685
0.169186 0.519018
0.893331 0.240154
0.033431 0.855842
0.996225 0.789641
0.780119 0.186075
0.129341 0.151578
0.567959 0.194840
0.923477 0.210600
0.737499 0.878166
0.016945 0.432799
0.252729 0.603052
0.813922 0.044343
0.394708 0.808143
0.470289 0.502564
0.918181 0.574779
0.435633 0.095263
0.875317 0.080423
0.513811 0.551793
0.835118 0.509920
0.069578 0.878591
0.282708 0.344802
0.705017 0.242214
0.569623 0.076801
0.457085 0.614470
0.904393 0.298969
0.326361 0.067166
0.522123 0.816287
0.737116 0.058025
0.352427 0.887364
0.350137 0.784727
0.217006 0.959806
0.502249 0.700594
0.831318 0.294050
0.430286 0.583325
0.659182 0.683971
0.352289 0.127257
0.974856 0.077238
0.425022 0.889993
0.324018 0.274435
0.574391 0.565850
0.943249 0.043139
0.204195 0.981413
0.597037 0.921648
0.828630 0.912587
0.721982 0.706786
0.745285 0.807913
0.729787 0.121159
0.967899 0.769469
0.813805 0.437493
0.771933 0.690579
0.628297 0.901142
0.371056 0.278627
0.765253 0.636594
0.438929 0.801620
0.040514 0.349769
0.418220 0.788764
0.219109 0.545131
0.817548 0.588161
0.959141 0.165122
0.987128 0.638830
0.434207 0.529142
0.185145 0.549611
0.306262 0.200275
0.099448 0.594120
0.463993 0.940204
0.372923 0.028762
0.216187 0.226207
0.095970 0.719921
0.435245 0.898886
0.675766 0.926782
0.482898 0.385217
0.969567 0.727879
0.618353 0.598779
0.078059 0.502246
0.988516 0.057472
0.734841 0.080242
0.230576 0.978742
0.799384 0.664375
0.179196 0.113371
0.963357 0.387132
0.163669 0.861032
0.414016 0.420629
0.904848 0.774362
0.863368 0.881999
0.077305 0.902978
0.048114 0.388818
0.189096 0.554873
0.532947 0.010424
0.549672 0.959837
0.408511 0.533882
0.745881 0.008020
0.265425 0.417414
0.226683 0.706511
0.647023 0.539491
0.309113 0.247739
0.036034 0.868357
0.161173 0.615768
0.314169 0.474641
0.091778 0.470008
0.548683 0.888784
0.783515 0.640616
0.906211 0.665378
0.940909 0.945800
0.471748 0.158103
0.195046 0.198511
0.759432 0.931821
0.004819 0.208445
0.741804 0.942451
0.725718 0.305029
0.295543 0.600640
0.979019 0.408034
0.064184 0.101827
0.947370 0.954674
0.872129 0.953136
0.247202 0.055544
0.989297 0.456668
0.584041 0.096471
0.742051 0.019088
0.483731 0.629316
0.193582 0.549007
0.010721 0.802007
0.875694 0.876524
0.534004 0.766564
0.844029 0.083386
0.281941 0.473568
0.649980 0.867562
0.639128 0.012561
0.175164 0.582670
0.881628 0.190031
0.658045 0.390487
0.321297 0.350156
0.657392 0.043930
0.635609 0.538178
0.143492 0.178218
0.496280 0.982285
0.385634 0.629528
0.478182 0.527066
0.813119 0.223321
0.629425 0.090127
0.567127 0.678596
0.014161 0.433132
0.032033 0.759720
0.001594 0.539565
0.237328 0.574023
0.067797 0.673674
0.655061 0.961269
0.401423 0.758603
0.582802 0.250147
0.659980 0.056372
0.998349 0.267340
0.810323 0.258406
0.500019 0.376277
0.105136 0.002502
0.705075 0.495572
0.896616 0.520602
0.268950 0.501216
0.169214 0.591499
0.509163 0.151963
0.385230 0.223521
0.470385 0.693947
0.480183 0.524531
0.150922 0.598425
0.619346 0.030011
0.525862 0.465615
0.632432 0.354729
0.948502 0.987997
0.880404 0.409503
0.489128 0.007992
0.676483 0.581740
0.779082 0.127840
0.282881 0.216968
0.968032 0.033552
0.935435 0.458254
0.473691 0.680192
0.310240 0.001423
0.305750 0.752338
0.339525 0.606163
0.879572 0.361424
0.308463 0.266656
0.400264 0.770755
0.720228 0.790007
0.093993 0.049365
0.503568 0.156812
0.790985 0.947458
0.755295 0.445363
0.623413 0.959047
0.359521 0.289498
0.891434 0.491495
0.506139 0.809835
0.471908 0.297025
0.342944 0.709071
0.496891 0.837847
0.738972 0.754304
0.412762 0.054431
0.411035 0.182759
0.945905 0.085529
0.471102 0.662080
0.947132 0.848916
0.789092 0.312271
0.564592 0.033417
0.433792 0.953639
0.703694 0.975639
0.854060 0.183556
0.272602 0.098935
0.393095 0.104565
0.283168 0.077456
0.190505 0.527365
0.479684 0.654786
0.520060 0.254395
0.801644 0.094469
0.135407 0.613271
0.651741 0.568860
0.251729 0.753983
0.636595 0.403086
0.378205 0.349809
0.175287 0.982483
0.334319 0.249070
0.129505 0.304755
0.432473 0.313378
0.399214 0.612175
0.990002 0.147698
0.248995 0.274525
0.045653 0.678585
0.982765 0.110051
0.398685 0.569132
0.468378 0.629581
0.863238 0.272664
0.928634 0.268037
0.936203 0.121947
0.361528 0.527933
0.913820 0.226635
0.930091 0.101059
0.860322 0.108928
0.670984 0.457388
0.731409 0.945868
0.911032 0.094348
0.385971 0.006452
0.852180 0.624978
0.181415 0.372692
0.887879 0.150028
0.341087 0.315997
0.347729 0.906998
0.306726 0.763719
0.532212 0.018136
0.844515 0.135438
0.095646 0.269807
0.760261 0.454529
0.063062 0.247247
0.697325 0.047791
0.025427 0.821545
0.640421 0.334382
0.347758 0.939827
0.428992 0.175052
0.545889 0.904932
0.795839 0.003606
0.340235 0.847512
0.189820 0.494800
0.278675 0.891301
0.915836 0.836315
0.235710 0.591432
0.931029 0.767199
0.541338 0.586011
0.972983 0.421127
0.970646 0.042762
0.563905 0.670085
0.333891 0.405420
0.834193 0.102522
0.946880 0.148640
0.039420 0.989769
0.832758 0.735543
0.106725 0.595502
0.108853 0.738621
0.539729 0.965219
0.646002 0.132583
0.535526 0.896221
0.752832 0.096811
0.222958 0.133287
0.333764 0.275465
0.518307 0.961214
0.697028 0.334850
0.212672 0.272626
0.947793 0.830549
0.554763 0.877917
0.691524 0.850885
0.773445 0.293955
0.593998 0.638662
0.696343 0.499097
0.196921 0.409706
0.863930 0.174338
0.271909 0.884616
0.312972 0.763879
0.910595 0.629187
0.508841 0.283112
0.494961 0.159371
0.743140 0.178011
0.669484 0.908200
0.681243 0.697150
0.445513 0.574982
0.643754 0.176022
0.608312 0.081146
0.636574 0.353088
0.668497 0.342506
0.106169 0.337937
0.702143 0.334271
0.889786 0.134185
0.557607 0.473016
0.854798 0.683200
0.072182 0.168915
0.277017 0.239477
0.137942 0.511876
0.094705 0.514464
0.683733 0.446857
0.793217 0.432863
0.898998 0.466439
0.824595 0.533901
0.315205 0.802902
0.147103 0.019806
0.681920 0.337320
0.681607 0.204691
0.927089 0.959880
0.224879 0.649276
0.874927 0.913403
0.634300 0.580349
0.809798 0.731203
0.904109 0.288616
0.420800 0.740739
0.090267 0.074534
0.139288 0.746135
0.909156 0.968972
0.390357 0.425483
0.234755 0.894015
0.819361 0.182945
0.649594 0.148948
0.125810 0.681041
0.666712 0.107435
0.739552 0.045079
0.232992 0.794145
0.207912 0.779569
0.648671 0.572533
0.827515 0.765530
0.093490 0.520234
0.750805 0.317989
0.536859 0.194485
0.524807 0.174537
0.927559 0.397227
0.778471 0.458674
0.207961 0.238017
0.564981 0.115793
0.878354 0.262595
0.686691 0.054959
0.548926 0.665944
0.182894 0.246304
0.160084 0.640892
0.044426 0.321638
0.326232 0.726794
0.134129 0.805057
0.563770 0.617545
0.238510 0.960597
0.001008 0.264174
0.153445 0.385661
0.535836 0.264461
0.715587 0.901744
0.306432 0.470534
0.731168 0.998104
0.770912 0.465105
0.825171 0.069389
0.653796 0.057979
0.336403 0.954795
0.510264 0.236718
0.517752 0.834236
0.683655 0.068795
0.466008 0.366043
0.987264 0.897314
0.401851 0.061134
0.528463 0.798341
0.148208 0.280122
0.711292 0.675127
0.913926 0.912751
0.603101 0.552963
0.779769 0.753091
0.531491 0.608156
0.605040 0.819325
0.989703 0.215579
0.425638 0.383517
0.671772 0.831463
0.798197 0.274647
0.733191 0.841610
0.959947 0.097257
0.178473 0.599890
0.120248 0.368435
0.613921 0.757896
0.677300 0.217458
0.472094 0.643840
0.662277 0.215249
0.213843 0.887253
0.253237 0.104934
0.944489 0.705783
0.772372 0.690112
0.342591 0.271347
0.182786 0.904065
0.792950 0.355149
0.734688 0.130987
0.139898 0.014515
0.076015 0.179394
0.532562 0.429253
0.838708 0.918270
0.420754 0.121207
0.439477 0.478052
0.878256 0.697910
0.592609 0.091452
0.079704 0.949701
0.822473 0.103195
0.937955 0.599416
0.084632 0.413105
0.620691 0.254742
0.457012 0.633584
0.908225 0.145515
0.746379 0.540357
0.128862 0.041772
0.770410 0.974488
0.713831 0.343045
0.021925 0.213999
0.250734 0.705394
0.399401 0.975040
0.282609 0.729891
0.696660 0.625396
0.999122 0.174734
0.584684 0.897233
0.397062 0.872923
0.889769 0.371339
0.449248 0.038365
0.074809 0.271681
0.314081 0.925558
0.964249 0.657017
0.642432 0.871424
0.918311 0.925325
0.594198 0.592615
0.858382 0.657242
0.263761 0.237612
0.772986 0.216228
0.831784 0.100108
0.592551 0.196101
0.910157 0.088706
0.611232 0.760618
0.227589 0.017643
0.955324 0.155185
0.015249 0.534249
0.950353 0.187340
0.195035 0.031072
0.622706 0.270543
0.747439 0.204079
0.986726 0.704862
0.441670 0.013058
0.214453 0.228540
0.447588 0.676346
0.262753 0.516005
0.217182 0.989208
0.041377 0.220742
0.422720 0.693679
0.745486 0.365544
0.669392 0.847432
0.547531 0.368019
0.162147 0.140150
0.445849 0.755834
0.499618 0.888186
0.701186 0.673996
0.292426 0.001702
0.957348 0.615634
0.358823 0.563248
0.838504 0.418022
0.837551 0.782696
0.543184 0.457259
0.675955 0.000689
0.713816 0.147807
0.600795 0.101219
0.650675 0.307241
0.859887 0.163697
0.760415 0.681889
0.734590 0.435835
0.981890 0.945642
0.066348 0.740906
0.815758 0.782083
0.814875 0.246406
0.499402 0.239172
0.971278 0.115884
0.814995 0.406066
0.986292 0.941665
0.996067 0.603287
0.241982 0.013446
0.206727 0.700261
0.994667 0.416179
0.107735 0.878396
0.647518 0.670437
0.094896 0.143171
0.173147 0.129369
0.897801 0.155360
0.999707 0.628649
0.360722 0.499321
0.698432 0.949235
0.392501 0.335418
0.366176 0.497525
0.268583 0.493966
0.683487 0.233454
0.695853 0.459713
0.246842 0.284306
0.309752 0.368715
0.923149 0.870494
0.563165 0.093559
0.655243 0.139281
0.287890 0.728239
0.359031 0.253406
0.561996 0.300618
0.296119 0.613787
0.900212 0.338203
0.580135 0.408957
0.199494 0.992137
0.280658 0.778631
0.318220 0.784592
0.925573 0.754744
0.645008 0.686401
0.070797 0.800570
0.521918 0.154587
0.005811 0.206964
0.926879 0.963562
0.594003 0.824529
0.391412 0.149130
